# unix_time, cycles_done, cur_path, paths_total, pending_total, pending_favs, map_size, unique_crashes, unique_hangs, max_depth, execs_per_sec
1568252693, 0, 0, 10, 10, 10, 0.94%, 0, 0, 1, 661.16
1568252698, 0, 0, 63, 63, 10, 1.00%, 0, 0, 2, 730.03
1568252703, 0, 0, 73, 73, 10, 1.01%, 0, 0, 2, 737.46
1568252708, 0, 0, 80, 80, 10, 1.01%, 0, 0, 2, 744.74
1568252713, 0, 0, 85, 85, 10, 1.01%, 0, 0, 2, 741.87
1568252718, 0, 3, 146, 146, 24, 1.10%, 0, 0, 2, 900.75
1568252724, 0, 3, 178, 178, 24, 1.15%, 0, 0, 2, 1170.54
1568252729, 0, 4, 188, 188, 52, 1.16%, 0, 0, 2, 1143.92
1568252734, 0, 4, 197, 197, 52, 1.16%, 0, 0, 2, 833.66
1568252739, 0, 4, 198, 198, 52, 1.16%, 0, 0, 2, 759.31
1568252744, 0, 5, 198, 198, 53, 1.16%, 0, 0, 2, 626.82
1568252749, 0, 5, 207, 207, 53, 1.16%, 0, 0, 2, 506.25
1568252754, 0, 5, 212, 212, 53, 1.16%, 0, 0, 2, 485.49
1568252760, 0, 5, 214, 214, 53, 1.16%, 0, 0, 2, 480.16
1568252765, 0, 5, 215, 215, 53, 1.16%, 0, 0, 2, 478.58
1568252775, 0, 6, 221, 221, 53, 1.17%, 0, 0, 2, 783.88
1568252780, 0, 6, 222, 222, 53, 1.17%, 0, 0, 2, 908.57
1568252785, 0, 6, 224, 224, 53, 1.17%, 0, 0, 2, 934.25
1568252790, 0, 6, 225, 225, 53, 1.17%, 0, 0, 2, 945.11
1568252795, 0, 14, 225, 225, 56, 1.17%, 0, 0, 2, 876.46
1568252800, 0, 61, 225, 225, 56, 1.17%, 0, 0, 2, 808.15
1568252805, 0, 68, 226, 226, 56, 1.17%, 0, 0, 3, 791.87
1568252810, 0, 80, 227, 227, 57, 1.17%, 0, 0, 3, 798.80
1568252816, 0, 87, 227, 227, 57, 1.17%, 0, 0, 3, 790.90
1568252821, 0, 95, 234, 234, 57, 1.18%, 0, 0, 3, 1094.01
1568252826, 0, 95, 235, 235, 57, 1.18%, 0, 0, 3, 1212.72
1568252831, 0, 98, 235, 235, 55, 1.18%, 0, 0, 3, 1242.38
1568252836, 0, 152, 237, 237, 55, 1.18%, 0, 0, 3, 1256.66
1568252841, 0, 165, 240, 240, 55, 1.18%, 0, 0, 3, 1254.72
1568252846, 0, 183, 241, 241, 56, 1.18%, 0, 0, 3, 1245.67
1568252852, 0, 197, 241, 241, 56, 1.18%, 0, 0, 3, 910.63
1568252857, 0, 215, 241, 241, 56, 1.18%, 0, 0, 3, 930.07
1568252862, 0, 219, 242, 242, 54, 1.18%, 0, 0, 3, 1023.49
1568252867, 0, 223, 246, 246, 54, 1.18%, 0, 0, 3, 928.44
1568252872, 0, 223, 248, 248, 54, 1.18%, 0, 0, 3, 866.80
1568252877, 0, 223, 249, 249, 54, 1.18%, 0, 0, 3, 853.94
1568252882, 0, 229, 249, 249, 54, 1.18%, 0, 0, 3, 976.95
1568252887, 0, 231, 254, 254, 54, 1.18%, 0, 0, 4, 1193.36
1568252892, 0, 239, 254, 254, 54, 1.18%, 0, 0, 4, 1247.13
1568252897, 0, 245, 254, 254, 54, 1.18%, 0, 0, 4, 961.22
1568252902, 0, 253, 256, 256, 54, 1.18%, 0, 0, 4, 927.96
1568252907, 0, 255, 260, 260, 54, 1.18%, 0, 0, 5, 844.80
1568252918, 0, 255, 263, 263, 54, 1.18%, 0, 0, 5, 811.83
1568252923, 0, 257, 266, 266, 56, 1.18%, 0, 0, 6, 910.97
1568252928, 0, 261, 266, 266, 56, 1.18%, 0, 0, 6, 1046.50
1568252933, 1, 145, 267, 267, 56, 1.18%, 0, 0, 6, 1001.07
1568252938, 1, 212, 270, 270, 53, 1.18%, 0, 0, 6, 1071.94
1568252943, 1, 227, 271, 271, 53, 1.18%, 0, 0, 6, 834.61
1568252948, 1, 255, 272, 272, 53, 1.18%, 0, 0, 6, 1013.70
1568252953, 1, 266, 273, 273, 52, 1.18%, 0, 0, 6, 894.52
1568252958, 1, 272, 275, 275, 51, 1.18%, 0, 0, 6, 950.90
1568252963, 1, 272, 276, 276, 51, 1.18%, 0, 0, 6, 905.80
1568252968, 1, 272, 277, 277, 51, 1.18%, 0, 0, 6, 896.95
1568252974, 1, 274, 277, 277, 51, 1.18%, 0, 0, 6, 922.51
1568252979, 1, 275, 278, 278, 51, 1.18%, 0, 0, 7, 896.88
1568252984, 2, 129, 278, 278, 51, 1.18%, 0, 0, 7, 946.38
1568252989, 2, 203, 279, 279, 51, 1.18%, 0, 0, 7, 893.05
1568252994, 2, 245, 280, 280, 50, 1.18%, 0, 0, 7, 1017.03
1568252999, 2, 264, 281, 281, 50, 1.18%, 0, 0, 7, 963.79
1568253004, 2, 275, 281, 281, 50, 1.18%, 0, 0, 7, 931.76
1568253009, 3, 15, 282, 282, 50, 1.18%, 0, 0, 7, 915.86
1568253014, 3, 170, 283, 283, 51, 1.19%, 0, 0, 7, 1091.55
1568253019, 3, 255, 283, 283, 51, 1.19%, 0, 0, 7, 1086.17
1568253024, 3, 274, 283, 283, 51, 1.19%, 0, 0, 7, 965.83
1568253029, 4, 113, 283, 283, 51, 1.19%, 0, 0, 7, 949.99
1568253034, 4, 226, 283, 283, 51, 1.19%, 0, 0, 7, 1088.09
1568253039, 4, 269, 283, 283, 51, 1.19%, 0, 0, 7, 998.53
1568253045, 4, 282, 283, 283, 51, 1.19%, 0, 0, 7, 968.82
1568253050, 5, 98, 286, 286, 49, 1.19%, 0, 0, 7, 949.90
1568253055, 5, 150, 288, 288, 49, 1.19%, 0, 0, 7, 1024.66
1568253060, 5, 180, 288, 288, 49, 1.19%, 0, 0, 7, 1085.52
1568253065, 5, 221, 288, 288, 49, 1.19%, 0, 0, 7, 1007.90
1568253070, 5, 240, 288, 288, 49, 1.19%, 0, 0, 7, 1048.92
1568253075, 5, 255, 288, 288, 49, 1.19%, 0, 0, 7, 919.39
1568253081, 5, 257, 288, 288, 49, 1.19%, 0, 0, 7, 952.34
1568253086, 5, 272, 289, 289, 49, 1.19%, 0, 0, 7, 940.71
1568253091, 5, 272, 290, 290, 49, 1.19%, 0, 0, 7, 933.04
1568253096, 5, 275, 290, 290, 49, 1.19%, 0, 0, 7, 930.85
1568253101, 5, 275, 291, 291, 49, 1.19%, 0, 0, 7, 853.47
1568253106, 5, 284, 292, 292, 49, 1.19%, 0, 0, 7, 1055.49
1568253111, 5, 291, 296, 296, 50, 1.19%, 0, 0, 7, 1170.16
1568253121, 5, 292, 298, 298, 50, 1.19%, 0, 0, 7, 1194.93
1568253131, 5, 294, 298, 298, 50, 1.19%, 0, 0, 7, 1066.11
1568253136, 5, 297, 298, 298, 50, 1.19%, 0, 0, 7, 1084.71
1568253141, 5, 297, 299, 299, 50, 1.19%, 0, 0, 7, 1196.51
1568253152, 6, 0, 299, 299, 50, 1.19%, 0, 0, 7, 920.94
1568253157, 6, 98, 299, 299, 50, 1.19%, 0, 0, 7, 902.37
1568253162, 6, 160, 299, 299, 50, 1.19%, 0, 0, 7, 1025.07
1568253167, 6, 183, 299, 299, 50, 1.19%, 0, 0, 7, 1037.82
1568253172, 6, 221, 299, 299, 50, 1.19%, 0, 0, 7, 984.83
1568253177, 6, 245, 299, 299, 50, 1.19%, 0, 0, 7, 964.69
1568253182, 6, 257, 300, 300, 50, 1.19%, 0, 0, 7, 947.26
1568253187, 6, 269, 301, 301, 50, 1.19%, 0, 0, 7, 960.12
1568253192, 6, 274, 301, 301, 50, 1.19%, 0, 0, 7, 957.90
1568253198, 6, 275, 301, 301, 50, 1.19%, 0, 0, 7, 956.97
1568253203, 6, 284, 301, 301, 50, 1.19%, 0, 0, 7, 991.19
1568253208, 6, 294, 302, 302, 50, 1.19%, 0, 0, 7, 938.92
1568253213, 7, 81, 302, 302, 50, 1.19%, 0, 0, 7, 973.22
1568253218, 7, 129, 302, 302, 50, 1.19%, 0, 0, 7, 981.33
1568253223, 7, 179, 302, 302, 50, 1.19%, 0, 0, 7, 1048.71
1568253228, 7, 202, 303, 303, 50, 1.19%, 0, 0, 7, 873.78
1568253233, 7, 204, 304, 304, 50, 1.19%, 0, 0, 7, 628.26
1568253238, 7, 227, 304, 304, 50, 1.19%, 0, 0, 7, 866.60
1568253243, 7, 255, 305, 305, 50, 1.19%, 0, 0, 7, 941.78
1568253248, 7, 257, 305, 305, 50, 1.19%, 0, 0, 7, 945.12
1568253253, 7, 272, 306, 306, 50, 1.19%, 0, 0, 7, 934.26
1568253259, 7, 274, 307, 307, 50, 1.19%, 0, 0, 7, 925.64
1568253264, 7, 275, 307, 307, 50, 1.19%, 0, 0, 7, 965.87
1568253269, 7, 294, 307, 307, 50, 1.19%, 0, 0, 7, 997.71
1568253274, 8, 53, 307, 307, 50, 1.19%, 0, 0, 7, 862.28
1568253279, 8, 85, 307, 307, 50, 1.19%, 0, 0, 7, 841.88
1568253284, 8, 121, 307, 307, 50, 1.19%, 0, 0, 7, 896.30
1568253289, 8, 160, 307, 307, 50, 1.19%, 0, 0, 7, 1039.24
1568253294, 8, 182, 312, 312, 50, 1.19%, 0, 0, 7, 1045.89
1568253299, 8, 217, 315, 315, 50, 1.19%, 0, 0, 7, 1012.86
1568253304, 8, 228, 322, 322, 50, 1.19%, 0, 0, 7, 974.38
1568253309, 8, 245, 330, 330, 50, 1.19%, 0, 0, 7, 905.96
1568253314, 8, 250, 333, 333, 50, 1.19%, 0, 0, 7, 715.46
1568253320, 8, 257, 334, 334, 50, 1.19%, 0, 0, 7, 919.96
1568253325, 8, 269, 342, 342, 50, 1.19%, 0, 0, 7, 115.91
1568253330, 8, 269, 344, 344, 50, 1.19%, 0, 0, 7, 122.35
1568253340, 8, 269, 345, 345, 50, 1.19%, 0, 0, 7, 129.23
1568253345, 8, 272, 347, 347, 50, 1.19%, 0, 0, 7, 943.79
1568253350, 8, 274, 349, 349, 50, 1.19%, 0, 0, 7, 916.60
1568253355, 8, 274, 353, 353, 50, 1.19%, 0, 0, 7, 664.47
1568253360, 8, 275, 354, 354, 50, 1.19%, 0, 0, 7, 848.20
1568253365, 8, 275, 359, 359, 50, 1.19%, 0, 0, 7, 855.60
1568253371, 8, 295, 362, 362, 50, 1.19%, 0, 0, 7, 662.66
1568253381, 8, 298, 363, 363, 50, 1.19%, 0, 0, 7, 929.13
1568253391, 8, 298, 368, 368, 50, 1.20%, 0, 0, 7, 1006.37
1568253396, 8, 298, 370, 370, 50, 1.20%, 0, 0, 7, 126.15
1568253401, 8, 307, 370, 370, 50, 1.20%, 0, 0, 7, 802.63
1568253406, 8, 329, 371, 371, 50, 1.20%, 0, 0, 7, 1064.77
1568253411, 8, 336, 371, 371, 50, 1.20%, 0, 0, 7, 1028.36
1568253417, 8, 348, 371, 371, 50, 1.20%, 0, 0, 7, 920.75
1568253442, 8, 348, 372, 372, 50, 1.20%, 0, 0, 7, 1052.83
1568253447, 8, 364, 372, 372, 50, 1.20%, 0, 0, 7, 966.35
1568253452, 8, 364, 373, 373, 50, 1.20%, 0, 0, 8, 887.86
1568253462, 8, 364, 374, 374, 50, 1.20%, 0, 0, 8, 862.33
1568253467, 8, 364, 375, 375, 50, 1.20%, 0, 0, 8, 455.77
1568253483, 8, 366, 377, 377, 50, 1.20%, 0, 0, 8, 1002.95
1568253488, 8, 366, 378, 378, 50, 1.20%, 0, 0, 8, 1073.25
1568253493, 8, 366, 379, 379, 50, 1.20%, 0, 0, 8, 1092.00
1568253498, 8, 368, 379, 379, 50, 1.20%, 0, 0, 8, 847.05
1568253503, 8, 368, 380, 380, 50, 1.20%, 0, 0, 8, 762.32
1568253513, 8, 368, 381, 381, 50, 1.20%, 0, 0, 8, 735.54
1568253528, 8, 371, 382, 382, 49, 1.21%, 0, 0, 8, 1138.88
1568253538, 8, 371, 383, 383, 49, 1.21%, 0, 0, 8, 95.08
1568253544, 8, 371, 384, 384, 49, 1.21%, 0, 0, 8, 95.60
1568253549, 8, 371, 385, 385, 49, 1.21%, 0, 0, 8, 94.20
1568253559, 8, 371, 386, 386, 49, 1.21%, 0, 0, 8, 853.31
1568253564, 8, 371, 387, 387, 49, 1.21%, 0, 0, 8, 120.49
1568253569, 8, 379, 387, 387, 50, 1.21%, 0, 0, 8, 727.00
1568253574, 8, 379, 388, 388, 50, 1.21%, 0, 0, 9, 728.22
1568253600, 8, 381, 388, 388, 50, 1.21%, 0, 0, 9, 833.12
1568253605, 8, 381, 389, 389, 50, 1.21%, 0, 0, 9, 1115.92
1568253651, 8, 381, 390, 390, 50, 1.21%, 0, 0, 9, 100.73
1568253661, 8, 387, 390, 390, 50, 1.21%, 0, 0, 9, 442.52
1568253666, 8, 387, 391, 391, 50, 1.21%, 0, 0, 10, 830.65
1568253692, 8, 387, 392, 392, 50, 1.21%, 0, 0, 10, 885.88
1568253702, 8, 390, 393, 393, 51, 1.21%, 0, 0, 11, 1023.54
1568253718, 9, 68, 393, 393, 51, 1.21%, 0, 0, 11, 846.60
1568253723, 9, 144, 393, 393, 51, 1.21%, 0, 0, 11, 1028.08
1568253728, 9, 170, 393, 393, 51, 1.21%, 0, 0, 11, 861.49
1568253733, 9, 194, 393, 393, 51, 1.21%, 0, 0, 11, 865.48
1568253738, 9, 200, 393, 393, 51, 1.21%, 0, 0, 11, 609.79
1568253743, 9, 221, 394, 394, 51, 1.21%, 0, 0, 11, 570.54
1568253748, 9, 240, 394, 394, 51, 1.21%, 0, 0, 11, 721.11
1568253753, 9, 266, 395, 395, 51, 1.21%, 0, 0, 11, 888.59
1568253758, 9, 272, 397, 397, 51, 1.21%, 0, 0, 11, 108.01
1568253763, 9, 284, 398, 398, 51, 1.21%, 0, 0, 11, 916.70
1568253768, 9, 290, 401, 401, 51, 1.21%, 0, 0, 11, 1001.84
1568253779, 9, 290, 402, 402, 51, 1.21%, 0, 0, 11, 1036.95
1568253789, 9, 293, 405, 405, 51, 1.21%, 0, 0, 11, 925.06
1568253794, 9, 298, 406, 406, 51, 1.21%, 0, 0, 11, 807.05
1568253799, 9, 305, 406, 406, 51, 1.21%, 0, 0, 11, 866.87
1568253814, 9, 329, 406, 406, 51, 1.21%, 0, 0, 11, 956.33
1568253824, 9, 336, 407, 407, 51, 1.21%, 0, 0, 11, 925.08
1568253834, 9, 336, 409, 409, 51, 1.21%, 0, 0, 11, 72.10
1568253839, 9, 336, 410, 410, 51, 1.21%, 0, 0, 11, 73.14
