# unix_time, cycles_done, cur_path, paths_total, pending_total, pending_favs, map_size, unique_crashes, unique_hangs, max_depth, execs_per_sec
1566469506, 0, 0, 8, 8, 2, 0.36%, 0, 0, 1, 1254.90
1566469511, 0, 1, 45, 45, 2, 0.55%, 0, 0, 2, 1338.39
1566469516, 0, 1, 51, 51, 2, 0.56%, 0, 0, 2, 1356.71
1566469521, 0, 1, 62, 62, 2, 0.60%, 0, 0, 2, 1357.16
1566469526, 0, 1, 67, 67, 2, 0.60%, 1, 0, 2, 1352.76
1566469531, 0, 1, 73, 73, 2, 0.62%, 1, 0, 2, 1356.48
1566469536, 0, 1, 79, 79, 2, 0.63%, 1, 0, 2, 1356.95
1566469546, 0, 1, 80, 80, 2, 0.65%, 1, 0, 2, 1358.65
1566469551, 0, 1, 85, 85, 2, 0.65%, 1, 0, 2, 1366.81
1566469556, 0, 1, 89, 89, 2, 0.65%, 1, 0, 2, 1346.68
1566469561, 0, 1, 91, 91, 2, 0.65%, 1, 0, 2, 1334.61
1566469567, 0, 1, 95, 95, 2, 0.66%, 1, 0, 2, 1331.89
1566469598, 0, 1, 96, 96, 2, 0.66%, 1, 0, 2, 1361.33
1566469603, 0, 1, 97, 97, 2, 0.66%, 1, 0, 2, 1361.03
1566469618, 0, 1, 98, 98, 2, 0.66%, 1, 0, 2, 1365.43
1566469623, 0, 1, 101, 101, 2, 0.66%, 1, 0, 2, 1353.97
1566469644, 0, 1, 133, 133, 2, 0.83%, 1, 0, 2, 1349.10
1566469649, 0, 1, 154, 154, 2, 0.88%, 1, 0, 2, 1343.30
1566469654, 0, 1, 166, 166, 2, 0.90%, 1, 0, 2, 1340.61
1566469659, 0, 1, 171, 171, 2, 0.90%, 1, 0, 2, 1341.90
1566469664, 0, 1, 177, 177, 2, 0.90%, 1, 0, 2, 1341.34
1566469669, 0, 2, 181, 180, 44, 0.92%, 1, 0, 2, 1350.51
1566469679, 0, 2, 182, 181, 44, 0.92%, 1, 0, 2, 1365.89
1566469700, 0, 2, 183, 182, 44, 0.92%, 1, 0, 2, 1357.62
1566469705, 0, 2, 185, 184, 44, 0.93%, 1, 0, 2, 1359.23
1566469746, 0, 2, 190, 189, 44, 0.94%, 1, 0, 2, 1351.33
1566469752, 0, 2, 195, 194, 44, 0.96%, 1, 0, 2, 1346.99
1566469757, 0, 2, 197, 196, 44, 0.96%, 1, 0, 2, 1349.88
1566469762, 0, 2, 200, 199, 44, 0.96%, 1, 0, 2, 1354.02
1566469767, 0, 2, 202, 201, 44, 1.11%, 1, 0, 2, 1348.88
1566469772, 0, 13, 202, 200, 52, 1.11%, 1, 0, 2, 1347.03
1566469782, 0, 13, 204, 202, 52, 1.11%, 1, 0, 3, 1348.52
1566469787, 0, 13, 204, 202, 52, 1.11%, 2, 0, 3, 1344.51
1566469894, 0, 19, 204, 201, 53, 1.11%, 2, 0, 3, 1346.61
1566469909, 0, 19, 204, 201, 53, 1.11%, 3, 0, 3, 1344.05
1566470027, 0, 20, 204, 200, 53, 1.11%, 3, 0, 3, 1322.65
1566470172, 0, 30, 204, 199, 52, 1.11%, 3, 0, 3, 1327.07
1566470327, 0, 37, 204, 198, 51, 1.11%, 3, 0, 3, 1323.12
1566470333, 0, 37, 205, 199, 51, 1.12%, 3, 0, 3, 1329.37
1566470348, 0, 37, 205, 199, 51, 1.12%, 4, 0, 3, 1337.29
1566470384, 0, 37, 206, 200, 51, 1.12%, 4, 0, 3, 1311.84
1566470471, 0, 45, 206, 199, 50, 1.12%, 4, 0, 3, 1329.70
1566470487, 0, 45, 206, 199, 50, 1.12%, 5, 0, 3, 1343.25
1566470573, 0, 46, 206, 198, 49, 1.12%, 5, 0, 3, 1345.09
1566470711, 0, 50, 206, 197, 49, 1.12%, 5, 0, 3, 1339.30
1566470727, 0, 50, 207, 198, 49, 1.12%, 5, 0, 3, 1321.94
1566470861, 0, 59, 207, 197, 49, 1.12%, 5, 0, 3, 1330.96
1566470866, 0, 59, 209, 199, 49, 1.12%, 5, 0, 3, 1323.54
1566471016, 0, 61, 210, 199, 50, 1.12%, 5, 0, 3, 1331.79
1566471031, 0, 61, 210, 199, 50, 1.12%, 6, 0, 3, 1319.31
1566471036, 0, 61, 211, 200, 50, 1.12%, 6, 0, 3, 1310.00
1566471154, 0, 62, 211, 199, 49, 1.12%, 6, 0, 3, 1337.04
1566471170, 0, 62, 211, 199, 49, 1.12%, 7, 0, 3, 1336.17
1566471288, 0, 71, 211, 198, 48, 1.12%, 7, 0, 3, 1337.97
1566471426, 0, 73, 211, 197, 47, 1.12%, 7, 0, 3, 1340.47
1566471441, 0, 73, 211, 197, 47, 1.12%, 8, 0, 3, 1336.97
1566471539, 0, 78, 212, 197, 46, 1.12%, 8, 0, 3, 1332.99
1566471559, 0, 78, 212, 197, 46, 1.12%, 9, 0, 3, 1338.84
1566471575, 0, 78, 213, 198, 46, 1.12%, 9, 0, 3, 1333.46
1566471682, 0, 79, 214, 198, 45, 1.13%, 9, 0, 3, 1345.21
1566471698, 0, 79, 214, 198, 45, 1.13%, 10, 0, 3, 1333.76
1566471820, 0, 86, 214, 197, 45, 1.13%, 10, 0, 3, 1323.78
1566471970, 0, 87, 214, 196, 44, 1.13%, 10, 0, 3, 1307.03
1566472118, 0, 88, 214, 195, 43, 1.13%, 10, 0, 3, 1308.06
1566472268, 0, 94, 214, 194, 42, 1.13%, 10, 0, 3, 1320.18
1566472417, 0, 96, 216, 195, 41, 1.13%, 10, 0, 3, 1332.85
1566472433, 0, 96, 216, 195, 41, 1.13%, 11, 0, 3, 1350.63
1566472453, 0, 96, 217, 196, 41, 1.13%, 11, 0, 3, 1348.06
1566472535, 0, 101, 217, 195, 41, 1.13%, 11, 0, 3, 1330.84
1566472679, 0, 121, 217, 194, 40, 1.13%, 11, 0, 3, 1342.21
1566472821, 0, 125, 217, 193, 39, 1.13%, 11, 0, 3, 1342.14
1566472852, 0, 125, 218, 194, 39, 1.13%, 11, 0, 3, 1330.72
1566472950, 0, 134, 218, 193, 38, 1.13%, 11, 0, 3, 1344.77
1566472960, 0, 134, 219, 194, 38, 1.13%, 11, 0, 3, 1353.93
1566473099, 0, 150, 219, 193, 38, 1.13%, 11, 0, 3, 1341.99
1566473175, 0, 154, 219, 192, 37, 1.13%, 11, 0, 3, 1310.30
1566473297, 0, 154, 223, 196, 37, 1.13%, 11, 0, 3, 1296.58
1566473302, 0, 154, 227, 200, 37, 1.15%, 11, 0, 3, 1305.53
1566473307, 0, 154, 228, 201, 37, 1.15%, 11, 0, 3, 1304.55
1566473318, 0, 159, 229, 201, 38, 1.15%, 11, 0, 3, 1341.18
1566473328, 0, 159, 230, 202, 38, 1.15%, 11, 0, 3, 1350.58
1566473414, 0, 159, 231, 203, 38, 1.15%, 11, 0, 3, 1360.68
1566473419, 0, 159, 234, 206, 38, 1.15%, 11, 0, 3, 1361.38
1566473435, 0, 161, 234, 205, 39, 1.15%, 11, 0, 3, 1317.15
1566473542, 0, 161, 243, 214, 39, 1.18%, 11, 0, 3, 1297.78
1566473547, 0, 161, 246, 217, 39, 1.18%, 11, 0, 3, 1296.63
1566473552, 0, 161, 249, 220, 39, 1.19%, 11, 0, 3, 1298.91
1566473562, 0, 161, 250, 221, 39, 1.19%, 11, 0, 3, 1300.22
1566473567, 0, 165, 250, 220, 39, 1.19%, 11, 0, 3, 1276.60
1566473675, 0, 177, 250, 219, 38, 1.19%, 11, 0, 3, 1324.93
1566473685, 0, 177, 251, 220, 38, 1.19%, 11, 0, 3, 1363.93
1566473700, 0, 177, 253, 222, 38, 1.19%, 11, 0, 3, 1364.05
1566473791, 0, 178, 253, 221, 40, 1.19%, 11, 0, 3, 1353.20
1566473797, 0, 178, 254, 222, 40, 1.19%, 11, 0, 3, 1358.15
