# unix_time, cycles_done, cur_path, paths_total, pending_total, pending_favs, map_size, unique_crashes, unique_hangs, max_depth, execs_per_sec
1563204833, 0, 0, 10, 10, 8, 0.74%, 0, 0, 1, 170.58
1563204838, 0, 0, 27, 27, 8, 0.78%, 0, 0, 2, 204.14
1563204843, 0, 0, 48, 48, 8, 0.79%, 0, 0, 2, 214.26
1563204848, 0, 0, 52, 52, 8, 0.79%, 0, 0, 2, 215.87
1563204853, 0, 0, 59, 59, 8, 0.80%, 0, 0, 2, 214.18
1563204858, 0, 0, 61, 61, 8, 0.80%, 0, 0, 2, 213.20
1563204863, 0, 0, 63, 63, 8, 0.80%, 0, 0, 2, 218.78
1563204868, 0, 0, 64, 64, 8, 0.80%, 0, 0, 2, 219.53
1563204874, 0, 0, 67, 67, 8, 0.80%, 0, 0, 2, 216.78
1563204879, 0, 0, 68, 68, 8, 0.80%, 0, 0, 2, 217.05
1563204884, 0, 1, 69, 68, 21, 0.80%, 0, 0, 2, 180.09
1563204894, 0, 1, 77, 76, 21, 0.81%, 0, 0, 2, 174.66
1563204899, 0, 1, 78, 77, 21, 0.81%, 0, 0, 2, 175.76
1563204910, 0, 1, 79, 78, 21, 0.81%, 0, 0, 2, 166.73
1563204915, 0, 1, 80, 79, 21, 0.81%, 0, 0, 2, 164.79
