# unix_time, cycles_done, cur_path, paths_total, pending_total, pending_favs, map_size, unique_crashes, unique_hangs, max_depth, execs_per_sec
1567684520, 0, 0, 90, 90, 30, 0.90%, 0, 0, 1, 264.12
1567684530, 0, 0, 112, 112, 30, 0.97%, 0, 0, 2, 256.41
1567684535, 0, 0, 116, 116, 30, 0.97%, 0, 0, 2, 257.37
1567684540, 0, 0, 117, 117, 30, 0.97%, 0, 0, 2, 257.87
1567684550, 0, 0, 119, 119, 30, 0.97%, 0, 0, 2, 257.41
1567684555, 0, 0, 127, 127, 30, 1.01%, 2, 0, 2, 257.45
1567684560, 0, 4, 129, 128, 37, 1.01%, 2, 0, 2, 257.63
1567684565, 0, 4, 130, 129, 37, 1.01%, 2, 0, 2, 259.44
1567684570, 0, 4, 132, 131, 37, 1.01%, 2, 0, 2, 257.27
