# unix_time, cycles_done, cur_path, paths_total, pending_total, pending_favs, map_size, unique_crashes, unique_hangs, max_depth, execs_per_sec
1567172500, 0, 0, 10, 10, 10, 0.94%, 0, 0, 1, 358.74
1567172505, 0, 0, 55, 55, 10, 1.00%, 0, 0, 2, 687.32
1567172510, 0, 0, 70, 70, 10, 1.01%, 0, 0, 2, 682.21
1567172515, 0, 1, 98, 97, 23, 1.02%, 0, 0, 2, 703.86
1567172520, 0, 1, 102, 101, 23, 1.03%, 0, 0, 2, 713.59
1567172525, 0, 3, 143, 141, 29, 1.11%, 0, 0, 2, 818.26
1567172530, 0, 5, 161, 157, 46, 1.12%, 0, 0, 2, 993.82
1567172535, 0, 5, 167, 163, 46, 1.14%, 0, 0, 2, 582.03
1567172541, 0, 5, 168, 164, 46, 1.14%, 0, 0, 2, 492.72
1567172546, 0, 6, 173, 168, 47, 1.14%, 0, 0, 2, 1007.56
1567172551, 0, 6, 176, 171, 47, 1.14%, 0, 0, 2, 1013.64
1567172556, 0, 53, 176, 167, 45, 1.14%, 0, 0, 2, 116.38
1567172561, 0, 85, 178, 163, 39, 1.14%, 0, 0, 3, 745.52
1567172566, 0, 85, 183, 168, 39, 1.14%, 0, 0, 3, 739.08
1567172571, 0, 85, 184, 169, 39, 1.14%, 0, 0, 3, 735.30
1567172576, 0, 94, 184, 164, 34, 1.14%, 0, 0, 3, 132.29
1567172582, 0, 114, 186, 160, 29, 1.14%, 0, 0, 3, 399.25
1567172587, 0, 126, 192, 160, 23, 1.14%, 0, 0, 3, 662.94
1567172592, 0, 126, 195, 163, 23, 1.14%, 0, 0, 3, 664.79
1567172602, 0, 142, 198, 158, 20, 1.15%, 0, 0, 3, 118.44
1567172608, 0, 159, 198, 153, 15, 1.15%, 0, 0, 3, 1.40
1567172613, 0, 168, 202, 154, 12, 1.15%, 0, 0, 3, 896.35
1567172619, 0, 183, 202, 150, 8, 1.15%, 0, 0, 3, 220.01
1567172624, 0, 196, 206, 147, 2, 1.15%, 0, 0, 4, 636.64
1567172629, 1, 7, 211, 149, 0, 1.15%, 0, 0, 5, 655.04
1567172634, 1, 7, 214, 152, 0, 1.15%, 0, 0, 5, 485.69
1567172644, 1, 22, 214, 150, 0, 1.15%, 0, 0, 5, 638.91
1567172649, 1, 34, 214, 145, 0, 1.15%, 0, 0, 5, 100.32
1567172654, 1, 46, 214, 142, 0, 1.15%, 0, 0, 5, 112.05
1567172659, 1, 73, 217, 140, 0, 1.15%, 0, 0, 5, 705.60
1567172665, 1, 90, 218, 136, 0, 1.15%, 0, 0, 5, 683.17
1567172670, 1, 96, 221, 139, 0, 1.15%, 0, 0, 5, 348.56
1567172675, 1, 103, 222, 139, 0, 1.15%, 0, 0, 5, 103.04
1567172681, 1, 122, 224, 138, 0, 1.15%, 0, 0, 5, 73.71
1567172686, 1, 139, 224, 137, 0, 1.15%, 0, 0, 5, 520.19
1567172692, 1, 145, 224, 137, 0, 1.15%, 0, 0, 5, 78.48
1567172697, 2, 18, 225, 135, 0, 1.15%, 0, 0, 5, 730.00
1567172702, 2, 44, 225, 131, 0, 1.15%, 0, 0, 5, 106.41
1567172707, 2, 60, 225, 130, 0, 1.15%, 0, 0, 5, 670.00
1567172713, 2, 81, 225, 127, 0, 1.15%, 0, 0, 5, 605.20
1567172718, 2, 90, 225, 124, 0, 1.15%, 0, 0, 5, 130.70
1567172723, 2, 105, 225, 124, 0, 1.15%, 0, 0, 5, 200.32
1567172728, 3, 7, 226, 122, 0, 1.15%, 0, 0, 5, 119.10
1567172734, 3, 28, 226, 118, 0, 1.15%, 0, 0, 5, 576.97
1567172739, 3, 49, 226, 115, 0, 1.15%, 0, 0, 5, 488.51
1567172744, 3, 58, 226, 112, 0, 1.15%, 0, 0, 5, 81.42
1567172749, 3, 91, 227, 112, 0, 1.15%, 0, 0, 5, 700.19
1567172754, 3, 110, 228, 111, 0, 1.15%, 0, 0, 5, 1092.06
1567172759, 3, 128, 228, 111, 0, 1.15%, 0, 0, 5, 255.30
1567172765, 3, 141, 228, 109, 0, 1.15%, 0, 0, 5, 334.90
1567172770, 3, 153, 228, 107, 0, 1.15%, 0, 0, 5, 101.36
1567172775, 3, 165, 228, 107, 0, 1.15%, 0, 0, 5, 28.42
1567172781, 3, 183, 228, 105, 0, 1.15%, 0, 0, 5, 105.91
1567172786, 3, 192, 228, 104, 0, 1.15%, 0, 0, 5, 225.85
1567172791, 3, 201, 228, 102, 0, 1.15%, 0, 0, 5, 292.87
1567172796, 3, 209, 228, 100, 0, 1.15%, 0, 0, 5, 421.14
