# unix_time, cycles_done, cur_path, paths_total, pending_total, pending_favs, map_size, unique_crashes, unique_hangs, max_depth, execs_per_sec, total_execs
1568257688, 1, 0, 10, 10, 10, 0.94%, 0, 0, 1, 470.59, 80
1568257693, 1, 0, 71, 71, 10, 1.02%, 0, 0, 2, 659.03, 3596
1568257699, 1, 0, 79, 79, 10, 1.02%, 0, 0, 2, 67.58, 4959
1568257705, 1, 0, 88, 88, 10, 1.02%, 0, 0, 2, 58.80, 7075
1568257719, 1, 0, 91, 91, 10, 1.02%, 0, 0, 2, 65.36, 11201
1568257726, 1, 0, 93, 93, 10, 1.02%, 0, 0, 2, 52.71, 13261
1568257733, 1, 0, 95, 95, 10, 1.02%, 0, 0, 2, 52.73, 15321
1568257753, 1, 0, 96, 96, 10, 1.02%, 0, 0, 2, 53.18, 21475
1568257766, 1, 0, 97, 97, 10, 1.02%, 0, 0, 2, 59.18, 25585
1568257780, 1, 0, 98, 98, 10, 1.02%, 0, 0, 2, 11.81, 27637
