# unix_time, cycles_done, cur_path, paths_total, pending_total, pending_favs, map_size, unique_crashes, unique_hangs, max_depth, execs_per_sec
1567684518, 0, 0, 90, 90, 32, 0.94%, 0, 0, 1, 845.07
1567684523, 0, 0, 102, 102, 32, 0.97%, 0, 0, 2, 697.60
1567684528, 0, 0, 109, 109, 32, 0.98%, 0, 0, 2, 660.26
1567684533, 0, 0, 111, 111, 32, 0.98%, 0, 0, 2, 643.31
1567684538, 0, 4, 123, 122, 39, 1.00%, 0, 0, 2, 739.68
1567684543, 0, 7, 134, 132, 38, 1.00%, 0, 0, 2, 744.48
1567684548, 0, 18, 146, 141, 36, 1.00%, 0, 0, 2, 718.97
1567684553, 0, 27, 146, 139, 34, 1.00%, 0, 0, 2, 763.31
1567684558, 0, 37, 151, 141, 33, 1.01%, 0, 0, 2, 744.51
1567684563, 0, 45, 152, 138, 29, 1.01%, 0, 0, 2, 747.09
1567684568, 0, 51, 152, 137, 28, 1.01%, 0, 0, 2, 616.84
1567684573, 0, 59, 152, 133, 24, 1.01%, 0, 0, 2, 715.09
