# unix_time, cycles_done, cur_path, paths_total, pending_total, pending_favs, map_size, unique_crashes, unique_hangs, max_depth, execs_per_sec
1566308495, 0, 0, 10, 10, 10, 0.94%, 0, 0, 1, 432.43
1566308500, 0, 0, 19, 19, 10, 0.99%, 0, 0, 2, 675.53
1566308505, 0, 0, 26, 26, 10, 1.00%, 0, 0, 2, 718.76
1566308510, 0, 0, 28, 28, 10, 1.00%, 0, 0, 2, 726.82
1566308520, 0, 0, 30, 30, 10, 1.00%, 0, 0, 2, 730.97
1566308530, 0, 0, 31, 31, 10, 1.00%, 0, 0, 2, 731.99
1566308606, 0, 0, 33, 33, 10, 1.00%, 0, 0, 2, 728.42
1566308611, 0, 0, 34, 34, 10, 1.00%, 0, 0, 2, 727.57
1566308621, 0, 0, 38, 38, 10, 1.00%, 0, 0, 2, 728.16
1566308626, 0, 0, 39, 39, 10, 1.01%, 0, 0, 2, 735.94
1566308727, 0, 0, 40, 40, 10, 1.01%, 0, 0, 2, 732.94
1566308833, 0, 0, 42, 42, 10, 1.01%, 0, 0, 2, 737.88
1566308843, 0, 0, 43, 43, 10, 1.01%, 0, 0, 2, 738.53
1566308879, 0, 0, 46, 46, 10, 1.01%, 0, 0, 2, 745.81
1566308884, 0, 0, 50, 50, 10, 1.01%, 0, 0, 2, 751.32
1566308889, 0, 0, 54, 54, 10, 1.01%, 0, 0, 2, 746.90
1566308905, 0, 0, 59, 59, 10, 1.01%, 0, 0, 2, 767.79
1566308910, 0, 0, 65, 65, 10, 1.01%, 0, 0, 2, 745.76
1566308941, 0, 0, 84, 84, 10, 1.01%, 0, 0, 2, 623.69
1566308951, 0, 0, 88, 88, 10, 1.01%, 0, 0, 2, 564.25
1566308956, 0, 0, 89, 89, 10, 1.01%, 0, 0, 2, 560.92
1566308961, 0, 0, 90, 90, 10, 1.01%, 0, 0, 2, 563.38
1566308966, 0, 0, 94, 94, 10, 1.01%, 0, 0, 2, 562.43
1566308971, 0, 0, 95, 95, 10, 1.01%, 0, 0, 2, 565.67
1566308981, 0, 0, 96, 96, 10, 1.01%, 0, 0, 2, 563.22
1566308997, 0, 2, 96, 95, 22, 1.01%, 0, 0, 2, 606.87
1566309002, 0, 2, 97, 96, 22, 1.01%, 0, 0, 2, 682.51
1566309012, 0, 2, 99, 98, 22, 1.01%, 0, 0, 2, 701.03
1566309027, 0, 2, 100, 99, 22, 1.01%, 0, 0, 2, 701.47
1566309038, 0, 2, 101, 100, 22, 1.01%, 0, 0, 2, 699.79
1566309048, 0, 2, 102, 101, 22, 1.01%, 0, 0, 2, 700.54
1566309094, 0, 2, 103, 102, 22, 1.02%, 0, 0, 2, 702.87
1566309130, 0, 2, 104, 103, 22, 1.02%, 0, 0, 2, 705.42
1566309409, 0, 2, 106, 105, 22, 1.02%, 0, 0, 2, 704.00
1566309424, 0, 2, 112, 111, 22, 1.02%, 0, 0, 2, 634.30
1566309430, 0, 2, 116, 115, 22, 1.02%, 0, 0, 2, 558.91
1566309435, 0, 2, 118, 117, 22, 1.02%, 0, 0, 2, 537.67
1566309445, 0, 2, 119, 118, 22, 1.02%, 0, 0, 2, 539.29
1566309455, 0, 2, 120, 119, 22, 1.02%, 0, 0, 2, 531.99
1566309465, 0, 2, 122, 121, 22, 1.02%, 0, 0, 2, 531.90
1566309470, 0, 2, 123, 122, 22, 1.02%, 0, 0, 2, 534.10
1566309476, 0, 2, 124, 123, 22, 1.02%, 0, 0, 2, 530.72
1566309486, 0, 123, 125, 123, 24, 1.02%, 0, 0, 2, 586.20
1566309491, 0, 123, 126, 124, 24, 1.03%, 0, 0, 3, 644.24
1566309910, 0, 125, 126, 123, 24, 1.03%, 0, 0, 3, 616.59
